81 : (1,53.38,€45) (2,88.62,€98) (3,78.48,€3) (4,72.30,€76) (5,30.18,€9) (6,46.34,€48)
8 : (1,15.3,€34)
75 : (1,85.31,€29) (2,14.55,€74) (3,3.98,€16) (4,26.24,€55) (5,63.69,€52) (6,76.25,€75) (7,60.02,€74) (8,93.18,€35) (9,89.95,€78)
56 : (1,90.72,€13) (2,33.80,€40) (3,43.15,€10) (4,37.97,€16) (5,46.81,€36) (6,48.77,€79) (7,81.80,€45) (8,19.36,€79) (9,6.76,€64)

[4]
(2, 88.62, 98.0), (4, 72.3, 76.0), (6, 46.34, 48.0), (1, 53.38, 45.0), (5, 30.18, 9.0), (3, 78.48, 3.0)

[-]
(1, 15.3, 34.0)

[2, 7]
(9, 89.95, 78.0), (6, 76.25, 75.0), (2, 14.55, 74.0), (7, 60.02, 74.0), (4, 26.24, 55.0), (5, 63.69, 52.0), (8, 93.18, 35.0), (1, 85.31, 29.0), (3, 3.98, 16.0)

[8, 9]
(6, 48.77, 79.0), (8, 19.36, 79.0), (9, 6.76, 64.0), (7, 81.8, 45.0), (2, 33.8, 40.0), (5, 46.81, 36.0), (4, 37.97, 16.0), (1, 90.72, 13.0), (3, 43.15, 10.0)



81 : (4, 72.3, 76.0)(6, 46.34, 48.0)(1, 53.38, 45.0)(5, 30.18, 9.0)(3, 78.48, 3.0)
8 :
75 : (2, 14.55, 74.0)(7, 60.02, 74.0)(4, 26.24, 55.0)(5, 63.69, 52.0)(3, 3.98, 16.0)
56 : (6, 48.77, 79.0)(8, 19.36, 79.0)(9, 6.76, 64.0)(2, 33.8, 40.0)(5, 46.81, 36.0)(4, 37.97, 16.0)(3, 43.15, 10.0)
30 : (1, 10.0, 10.0)(2, 20.0, 10.0)(3, 10.0, 7.0)(4, 10.0, 7.0)

[1]

[2] [2,1]

[3] [3,1] [3,2] [3,2,1]

[4] [4,1] [4,2] [4,2,1] [4,3] [4,3,1] [4,3,2] [4,3,2,1]

[5] [5,1] [5,2] [5,2,1] [5,3] [5,3,1] [5,3,2] [5,3,2,1] [5,4] [5,4,1] [5,4,2] [5,4,2,1] [5,4,3] [5,4,3,1] [5,4,3,2] [5,4,3,2,1]
